 0 0 0 0 0 0 0 0 0 9 9 0 0 0 0 0 0 0 0 0
 0 0.0616395 0.123279 0.187812 0.26392 0.371443 0.556654 0.940797 1.88601 4.6084 4.6084 1.88601 0.940797 0.556654 0.371443 0.26392 0.187812 0.123279 0.0616395 0
 0 0.123279 0.243664 0.36405 0.496427 0.665196 0.914377 1.32052 1.99485 2.93918 2.93918 1.99485 1.32052 0.914377 0.665196 0.496427 0.36405 0.243664 0.123279 0
 0 0.187812 0.36405 0.528296 0.692542 0.878538 1.11514 1.43207 1.8337 2.21428 2.21428 1.8337 1.43207 1.11514 0.878538 0.692542 0.528296 0.36405 0.187812 0
 0 0.26392 0.496427 0.692542 0.86691 1.04128 1.23556 1.45892 1.69359 1.86997 1.86997 1.69359 1.45892 1.23556 1.04128 0.86691 0.692542 0.496427 0.26392 0
 0 0.371443 0.665196 0.878538 1.04128 1.1841 1.32692 1.47446 1.61177 1.70205 1.70205 1.61177 1.47446 1.32692 1.1841 1.04128 0.878538 0.665196 0.371443 0
 0 0.556654 0.914377 1.11514 1.23556 1.32692 1.41357 1.50022 1.57698 1.6244 1.6244 1.57698 1.50022 1.41357 1.32692 1.23556 1.11514 0.914377 0.556654 0
 0 0.940797 1.32052 1.43207 1.45892 1.47446 1.50022 1.53587 1.57153 1.59419 1.59419 1.57153 1.53587 1.50022 1.47446 1.45892 1.43207 1.32052 0.940797 0
 0 1.88601 1.99485 1.8337 1.69359 1.61177 1.57698 1.57153 1.57908 1.58663 1.58663 1.57908 1.57153 1.57698 1.61177 1.69359 1.8337 1.99485 1.88601 0
 9 4.6084 2.93918 2.21428 1.86997 1.70205 1.6244 1.59419 1.58663 1.58663 1.58663 1.58663 1.59419 1.6244 1.70205 1.86997 2.21428 2.93918 4.6084 9
 9 4.6084 2.93918 2.21428 1.86997 1.70205 1.6244 1.59419 1.58663 1.58663 1.58663 1.58663 1.59419 1.6244 1.70205 1.86997 2.21428 2.93918 4.6084 9
 0 1.88601 1.99485 1.8337 1.69359 1.61177 1.57698 1.57153 1.57908 1.58663 1.58663 1.57908 1.57153 1.57698 1.61177 1.69359 1.8337 1.99485 1.88601 0
 0 0.940797 1.32052 1.43207 1.45892 1.47446 1.50022 1.53587 1.57153 1.59419 1.59419 1.57153 1.53587 1.50022 1.47446 1.45892 1.43207 1.32052 0.940797 0
 0 0.556654 0.914377 1.11514 1.23556 1.32692 1.41357 1.50022 1.57698 1.6244 1.6244 1.57698 1.50022 1.41357 1.32692 1.23556 1.11514 0.914377 0.556654 0
 0 0.371443 0.665196 0.878538 1.04128 1.1841 1.32692 1.47446 1.61177 1.70205 1.70205 1.61177 1.47446 1.32692 1.1841 1.04128 0.878538 0.665196 0.371443 0
 0 0.26392 0.496427 0.692542 0.86691 1.04128 1.23556 1.45892 1.69359 1.86997 1.86997 1.69359 1.45892 1.23556 1.04128 0.86691 0.692542 0.496427 0.26392 0
 0 0.187812 0.36405 0.528296 0.692542 0.878538 1.11514 1.43207 1.8337 2.21428 2.21428 1.8337 1.43207 1.11514 0.878538 0.692542 0.528296 0.36405 0.187812 0
 0 0.123279 0.243664 0.36405 0.496427 0.665196 0.914377 1.32052 1.99485 2.93918 2.93918 1.99485 1.32052 0.914377 0.665196 0.496427 0.36405 0.243664 0.123279 0
 0 0.0616395 0.123279 0.187812 0.26392 0.371443 0.556654 0.940797 1.88601 4.6084 4.6084 1.88601 0.940797 0.556654 0.371443 0.26392 0.187812 0.123279 0.0616395 0
 0 0 0 0 0 0 0 0 0 9 9 0 0 0 0 0 0 0 0 0
