 0 0 0 0 0 0 0 0 0 9 9 0 0 0 0 0 0 0 0 0
 0 0.0303066 0.0630411 0.102832 0.15912 0.251666 0.426167 0.803114 1.74395 4.46428 4.46428 1.74395 0.803114 0.426167 0.251666 0.15912 0.102832 0.0630411 0.0303066 0
 0 0.0581856 0.119026 0.189167 0.281981 0.421378 0.649891 1.04234 1.70842 2.64889 2.64889 1.70842 1.04234 0.649891 0.421378 0.281981 0.189167 0.119026 0.0581856 0
 0 0.0834099 0.165713 0.252832 0.358262 0.501977 0.709683 1.00792 1.3985 1.77398 1.77398 1.3985 1.00792 0.709683 0.501977 0.358262 0.252832 0.165713 0.0834099 0
 0 0.109742 0.207584 0.298186 0.39626 0.518588 0.678944 0.881173 1.10369 1.27455 1.27455 1.10369 0.881173 0.678944 0.518588 0.39626 0.298186 0.207584 0.109742 0
 0 0.147974 0.256698 0.336072 0.410006 0.497173 0.606338 0.734133 0.860551 0.945989 0.945989 0.860551 0.734133 0.606338 0.497173 0.410006 0.336072 0.256698 0.147974 0
 0 0.225457 0.335163 0.379399 0.410523 0.453764 0.515107 0.588475 0.658394 0.702866 0.702866 0.658394 0.588475 0.515107 0.453764 0.410523 0.379399 0.335163 0.225457 0
 0 0.418692 0.4791 0.435841 0.398927 0.392256 0.411854 0.44627 0.481687 0.504219 0.504219 0.481687 0.44627 0.411854 0.392256 0.398927 0.435841 0.4791 0.418692 0
 0 0.97021 0.726705 0.48594 0.357089 0.304483 0.293785 0.303069 0.31787 0.328109 0.328109 0.31787 0.303069 0.293785 0.304483 0.357089 0.48594 0.726705 0.97021 0
 9 2.73544 0.971569 0.424129 0.239006 0.174806 0.155736 0.154355 0.158616 0.162241 0.162241 0.158616 0.154355 0.155736 0.174806 0.239006 0.424129 0.971569 2.73544 9
 9 0 0 0 0 0 0 0 0 0 0 0 0 0 0 0 0 0 0 9
 0 0 0 0 0 0 0 0 0 0 0 0 0 0 0 0 0 0 0 0
 0 0 0 0 0 0 0 0 0 0 0 0 0 0 0 0 0 0 0 0
 0 0 0 0 0 0 0 0 0 0 0 0 0 0 0 0 0 0 0 0
 0 0 0 0 0 0 0 0 0 0 0 0 0 0 0 0 0 0 0 0
 0 0 0 0 0 0 0 0 0 0 0 0 0 0 0 0 0 0 0 0
 0 0 0 0 0 0 0 0 0 0 0 0 0 0 0 0 0 0 0 0
 0 0 0 0 0 0 0 0 0 0 0 0 0 0 0 0 0 0 0 0
 0 0 0 0 0 0 0 0 0 0 0 0 0 0 0 0 0 0 0 0
 0 0 0 0 0 0 0 0 0 9 9 0 0 0 0 0 0 0 0 0
