 0 0 0 0 0 0 0 0 0 9 9 0 0 0 0 0 0 0 0 0
 0 0.0161928 0.0363558 0.065942 0.114417 0.201123 0.371275 0.745042 1.68375 4.40299 4.40299 1.68375 0.745042 0.371275 0.201123 0.114417 0.065942 0.0363558 0.0161928 0
 0 0.0284159 0.0632893 0.112996 0.190606 0.318802 0.538938 0.925149 1.58696 2.52523 2.52523 1.58696 0.925149 0.538938 0.318802 0.190606 0.112996 0.0632893 0.0284159 0
 0 0.0341825 0.0753911 0.13215 0.216213 0.344545 0.540532 0.829661 1.21372 1.58573 1.58573 1.21372 0.829661 0.540532 0.344545 0.216213 0.13215 0.0753911 0.0341825 0
 0 0.0329241 0.0719451 0.124001 0.197554 0.30264 0.448988 0.639249 0.852531 1.01826 1.01826 0.852531 0.639249 0.448988 0.30264 0.197554 0.124001 0.0719451 0.0329241 0
 0 0.0255698 0.055466 0.09436 0.147367 0.219475 0.313539 0.425823 0.538901 0.616524 0.616524 0.538901 0.425823 0.313539 0.219475 0.147367 0.09436 0.055466 0.0255698 0
 0 0.01389 0.0299908 0.050608 0.0780827 0.114358 0.159875 0.211606 0.26073 0.292417 0.292417 0.26073 0.211606 0.159875 0.114358 0.0780827 0.050608 0.0299908 0.01389 0
 0 0 0 0 0 0 0 0 0 0 0 0 0 0 0 0 0 0 0 0
 0 0 0 0 0 0 0 0 0 0 0 0 0 0 0 0 0 0 0 0
 9 0 0 0 0 0 0 0 0 0 0 0 0 0 0 0 0 0 0 9
 9 0 0 0 0 0 0 0 0 0 0 0 0 0 0 0 0 0 0 9
 0 0 0 0 0 0 0 0 0 0 0 0 0 0 0 0 0 0 0 0
 0 0 0 0 0 0 0 0 0 0 0 0 0 0 0 0 0 0 0 0
 0 0 0 0 0 0 0 0 0 0 0 0 0 0 0 0 0 0 0 0
 0 0 0 0 0 0 0 0 0 0 0 0 0 0 0 0 0 0 0 0
 0 0 0 0 0 0 0 0 0 0 0 0 0 0 0 0 0 0 0 0
 0 0 0 0 0 0 0 0 0 0 0 0 0 0 0 0 0 0 0 0
 0 0 0 0 0 0 0 0 0 0 0 0 0 0 0 0 0 0 0 0
 0 0 0 0 0 0 0 0 0 0 0 0 0 0 0 0 0 0 0 0
 0 0 0 0 0 0 0 0 0 9 9 0 0 0 0 0 0 0 0 0
