 0 0 0 0 0 0 0 0 0 9 9 0 0 0 0 0 0 0 0 0
 0 0.0082197 0.0197825 0.0396094 0.076852 0.15092 0.307665 0.668576 1.59689 4.31025 4.31025 1.59689 0.668576 0.307665 0.15092 0.076852 0.0396094 0.0197825 0.0082197 0
 0 0.0130972 0.0313028 0.0618055 0.116882 0.219167 0.411167 0.769754 1.40874 2.33387 2.33387 1.40874 0.769754 0.411167 0.219167 0.116882 0.0618055 0.0313028 0.0130972 0
 0 0.0128675 0.0305289 0.0594321 0.109708 0.197707 0.34809 0.59054 0.934462 1.28261 1.28261 0.934462 0.59054 0.34809 0.197707 0.109708 0.0594321 0.0305289 0.0128675 0
 0 0.00784561 0.0185157 0.0356903 0.0648157 0.113868 0.192954 0.309862 0.45596 0.579523 0.579523 0.45596 0.309862 0.192954 0.113868 0.0648157 0.0356903 0.0185157 0.00784561 0
 0 0 0 0 0 0 0 0 0 0 0 0 0 0 0 0 0 0 0 0
 0 0 0 0 0 0 0 0 0 0 0 0 0 0 0 0 0 0 0 0
 0 0 0 0 0 0 0 0 0 0 0 0 0 0 0 0 0 0 0 0
 0 0 0 0 0 0 0 0 0 0 0 0 0 0 0 0 0 0 0 0
 9 0 0 0 0 0 0 0 0 0 0 0 0 0 0 0 0 0 0 9
 9 0 0 0 0 0 0 0 0 0 0 0 0 0 0 0 0 0 0 9
 0 0 0 0 0 0 0 0 0 0 0 0 0 0 0 0 0 0 0 0
 0 0 0 0 0 0 0 0 0 0 0 0 0 0 0 0 0 0 0 0
 0 0 0 0 0 0 0 0 0 0 0 0 0 0 0 0 0 0 0 0
 0 0 0 0 0 0 0 0 0 0 0 0 0 0 0 0 0 0 0 0
 0 0 0 0 0 0 0 0 0 0 0 0 0 0 0 0 0 0 0 0
 0 0 0 0 0 0 0 0 0 0 0 0 0 0 0 0 0 0 0 0
 0 0 0 0 0 0 0 0 0 0 0 0 0 0 0 0 0 0 0 0
 0 0 0 0 0 0 0 0 0 0 0 0 0 0 0 0 0 0 0 0
 0 0 0 0 0 0 0 0 0 9 9 0 0 0 0 0 0 0 0 0
